30,1
30,3
0,273
0,270
32,3
70,35
3,2
3,1
3,3
10,35
10,179
10,171
10,114
10,4
10,153
10,1
10,168
10,2
10,3
11,27
11,17
11,21
11,6
11,1
11,13
11,2
11,3
9,7
9,1
9,5
9,2
9,3
8,13
8,4
8,17
8,12
8,7
8,1
8,11
8,2
8,3
12,2
12,1
12,3
20,2
20,1
20,3
19,2
19,1
19,3
18,1
18,3
14,3
13,1
13,3
69,3
69,2
69,1
69,0
68,6
68,5
68,4
68,3
2,2
68,2
2,1
68,1
2,3
68,0
67,4
67,3
67,2
67,1
67,0
66,3
66,2
66,1
66,0
65,4
65,3
65,2
65,1
65,0
64,5
64,4
64,3
64,2
64,1
64,0
63,4
63,3
63,2
63,1
63,0
62,4
62,3
62,2
62,1
62,0
61,5
61,4
61,3
61,2
61,1
61,0
59,5
59,4
59,3
59,2
59,1
59,0
57,4
57,3
57,2
57,1
57,0
55,4
55,3
55,2
55,1
55,0
53,5
53,4
53,3
53,2
53,1
